INSTANCE=0
SYSID=1
VEHICLE=ArduCopter
FRAME=quad
LAT=37.1971467
LON=-80.5780381
ALT=618
DIR=55
SPEEDUP=1
PROXY=--out=udpout:10.0.0.212:14550 --out=tcpin:0.0.0.0:5761
